Act as ML enginner who works on a report.
I'll give you somme data and some piece of code and you'll give me an answer in French based on this data and code.
I want you to discribe, annalyses and make a conclusion of the plot that the piece of code describe.
Your answer have to be driven by the data i give you.

The GaussianMixture clustering made 3 classes.
The goal is to demonstrate if this classe are usefull or not.

Here the code that generate the plot you have to annalyse:
sns.pairplot(data=clothes_df, vars=['Environmental Impact Score', 'Animal Welfare Score', 'Human Welfare Score', 'Social Responsibility Score'], hue='GMCluster', diag_kind='hist')

Here the data you have to use to simulate this annalyse:
Environmental Impact Score,Animal Welfare Score,Human Welfare Score,Social Responsibility Score,GMCluster
3.68,3.8,4.5,4.75,1
3.68,3.8,4.5,4.75,1
3.68,3.8,4.5,4.75,1
3.68,3.8,4.5,4.75,1
3.68,3.8,4.5,4.75,1
2.74,2.56,2.94,3.14,1
2.74,2.56,2.94,3.14,1
2.74,2.56,2.94,3.14,1
2.74,2.56,2.94,3.14,1
2.74,2.56,2.94,3.14,1
2.74,2.56,2.94,3.14,1
2.74,2.56,2.94,3.14,1
3.89,3.98,4.46,4.73,1
2.74,2.56,2.94,3.14,1
2.74,2.56,2.94,3.14,1
2.74,2.56,2.94,3.14,1
2.74,2.56,2.94,3.14,1
2.74,2.56,2.94,3.14,1
2.74,2.56,2.94,3.14,1
2.74,2.56,2.94,3.14,1
3.68,3.8,4.5,4.75,1
2.74,2.56,2.94,3.14,1
2.74,2.56,2.94,3.14,1
3.68,3.8,4.5,4.75,1
3.68,3.8,4.5,4.75,1
3.68,3.8,4.5,4.75,1
3.68,3.8,4.5,4.75,1
2.74,2.56,2.94,3.14,1
3.68,3.8,4.5,4.75,1
3.68,3.8,4.5,4.75,1
3.68,3.8,4.5,4.75,1
3.68,3.8,4.5,4.75,1
3.68,3.8,4.5,4.75,1
3.07,3.81,3.1,4.05,1
3.68,3.8,4.5,4.75,1
3.68,3.8,4.5,4.75,1
2.74,2.56,2.94,3.14,1
3.68,3.8,4.5,4.75,1
2.74,2.56,2.94,3.14,1
2.74,2.56,2.94,3.14,1
2.74,2.56,2.94,3.14,1
2.74,2.56,2.94,3.14,1
3.68,3.8,4.5,4.75,1
3.68,3.8,4.5,4.75,1
3.89,3.98,4.46,4.73,1
2.74,2.56,2.94,3.14,1
2.74,2.56,2.94,3.14,1
2.74,2.56,2.94,3.14,1
2.74,2.56,2.94,3.14,1
2.74,2.56,2.94,3.14,1
2.74,2.56,2.94,3.14,1
2.74,2.56,2.94,3.14,1
2.74,2.56,2.94,3.14,1
2.74,2.56,2.94,3.14,1
2.74,2.56,2.94,3.14,1
2.74,2.56,2.94,3.14,1
3.07,3.81,3.1,4.05,1
2.74,2.56,2.94,3.14,1
2.74,2.56,2.94,3.14,1
3.68,3.8,4.5,4.75,1
3.68,3.8,4.5,4.75,1
3.68,3.8,4.5,4.75,1
3.68,3.8,4.5,4.75,1
3.68,3.8,4.5,4.75,1
3.68,3.8,4.5,4.75,1
3.68,3.8,4.5,4.75,1
2.74,2.56,2.94,3.14,1
2.74,2.56,2.94,3.14,1
2.74,2.56,2.94,3.14,1
2.74,2.56,2.94,3.14,1
2.74,2.56,2.94,3.14,1
2.74,2.56,2.94,3.14,1
2.74,2.56,2.94,3.14,1
9.33,2.55,1.3,3.15,1
10.01,2.2,2.88,3.94,1
9.33,2.55,1.3,3.15,1
10.01,2.2,2.88,3.94,1
10.01,2.2,2.88,3.94,1
3.91,1.52,1.64,2.07,1
9.33,2.55,1.3,3.15,1
9.33,2.55,1.3,3.15,1
10.01,2.2,2.88,3.94,1
10.01,2.2,2.88,3.94,1
10.01,2.2,2.88,3.94,1
10.01,2.2,2.88,3.94,1
8.06,2.6,3.38,4.19,1
10.99,2.0,2.62,3.81,1
14.78,1.75,1.0,3.0,1
5.14,3.2,4.12,4.56,1
4.16,3.4,4.37,4.69,1
2.6,1.9,1.48,2.41,1
5.14,3.2,4.12,4.56,1
4.16,3.4,4.37,4.69,1
2.6,1.9,1.48,2.41,1
5.14,3.2,4.12,4.56,1
4.16,3.4,4.37,4.69,1
2.6,1.9,1.48,2.41,1
5.14,3.2,4.12,4.56,1
4.16,3.4,4.37,4.69,1
2.6,1.9,1.48,2.41,1
5.14,3.2,4.12,4.56,1
4.16,3.4,4.37,4.69,1
2.6,1.9,1.48,2.41,1
3.89,3.48,4.46,4.73,1
2.6,2.6,2.97,3.15,1
3.89,3.48,4.46,4.73,1
2.57,2.59,2.94,3.12,1
3.46,2.16,2.76,3.05,1
3.85,2.35,2.66,3.0,1
3.68,3.9,4.5,4.75,1
5.13,2.02,2.1,2.72,1
3.19,2.45,0.0,2.5,0
13.29,1.75,1.0,3.0,1
3.68,2.42,0.0,2.5,1
2.8,1.95,0.0,1.67,1
5.13,2.02,2.1,2.72,1
4.3,2.3,0.4,2.7,1
5.44,2.2,0.6,2.8,1
14.03,1.5,1.9,3.45,1
5.44,2.2,0.6,2.8,1
3.43,2.44,0.0,2.5,0
5.94,1.79,0.0,2.5,1
3.75,1.56,0.0,1.67,1
4.69,2.41,0.0,2.5,1
13.55,1.5,1.98,3.49,1
14.03,1.5,1.9,3.45,1
4.61,1.46,0.29,1.81,1
5.63,3.1,4.0,4.5,1
23.24,1.17,0.7,2.85,1
4.69,2.41,0.0,2.5,1
9.81,1.1,0.88,2.11,1
3.68,3.75,4.5,4.75,1
3.19,2.45,0.0,2.5,0
4.04,1.98,2.49,2.91,1
23.24,1.17,0.7,2.85,1
4.69,2.41,0.0,2.5,1
25.51,1.1,0.4,2.7,1
4.1,1.45,0.37,1.85,1
13.79,1.5,1.94,3.47,1
11.12,2.17,0.99,3.0,1
7.07,1.2,0.87,2.1,1
11.12,2.17,0.99,3.0,1
52.77,2.75,3.75,4.38,2
13.24,1.83,0.66,2.83,1
4.59,1.25,1.5,2.0,1
7.28,1.29,1.16,2.25,1
25.35,1.1,0.42,2.71,1
4.23,1.67,1.46,2.4,1
8.07,1.12,1.01,2.17,1
7.77,2.66,3.45,4.22,1
7.72,2.0,1.0,3.0,1
9.53,2.3,3.0,4.0,1
3.26,3.71,3.56,4.28,1
11.12,2.17,0.99,3.0,1
8.07,1.12,1.01,2.17,1
12.45,1.7,2.25,3.62,1
2.73,2.29,2.94,3.14,1
3.68,3.75,4.5,4.75,1
4.11,3.46,4.41,4.71,1
3.89,3.48,4.46,4.73,1
4.11,3.46,4.41,4.71,1
4.33,3.44,4.37,4.68,1
3.91,2.13,2.67,3.0,1
3.91,2.13,2.67,3.0,1
3.27,2.25,2.82,3.08,1
3.68,3.75,4.5,4.75,1
3.05,2.23,2.85,3.09,1
3.05,2.23,2.85,3.09,1
3.51,2.13,2.74,3.03,1
5.86,3.28,4.0,4.5,1
3.37,3.73,4.5,4.75,1
4.11,3.46,4.41,4.71,1
4.33,3.44,4.37,4.68,1
2.12,1.26,1.16,1.58,1
3.59,2.13,2.72,3.03,1
3.65,2.12,2.71,3.02,1
4.56,1.93,2.47,2.9,1
3.89,3.48,4.46,4.73,1
4.11,3.46,4.41,4.71,1
2.75,1.48,1.63,2.07,1
4.11,3.46,4.41,4.71,1
3.26,2.2,2.81,3.07,1
3.13,2.23,2.84,3.09,1
3.19,2.45,0.0,2.5,0
4.13,1.54,0.0,1.67,1
3.75,1.56,0.0,1.67,1
3.19,2.45,0.0,2.5,0
14.03,1.5,1.9,3.45,1
3.75,1.56,0.0,1.67,1
14.03,1.5,1.9,3.45,1
13.29,1.75,1.0,3.0,1
2.76,3.0,2.25,3.62,1
4.77,3.4,4.27,4.64,1
3.75,1.56,0.0,1.67,1
3.19,2.45,0.0,2.5,0
3.75,1.56,0.0,1.67,1
3.75,1.56,0.0,1.67,1
2.76,3.0,2.25,3.62,1
3.32,1.59,1.88,2.19,1
3.75,1.56,0.0,1.67,1
14.03,1.5,1.9,3.45,1
3.18,2.43,2.85,3.09,1
14.15,1.5,1.88,3.44,1
3.19,2.45,0.0,2.5,0
7.97,1.09,1.13,2.23,1
3.19,2.45,0.0,2.5,0
14.03,1.5,1.9,3.45,1
4.77,3.4,4.27,4.64,1
3.18,2.43,2.85,3.09,1
4.77,3.4,4.27,4.64,1
14.03,1.5,1.9,3.45,1
3.18,2.43,2.85,3.09,1
4.55,3.42,4.32,4.66,1
4.77,3.4,4.27,4.64,1
5.62,1.32,0.64,1.99,1
4.77,3.4,4.27,4.64,1
3.18,2.43,2.85,3.09,1
5.62,1.32,0.64,1.99,1
18.39,1.88,0.0,2.5,1
4.24,1.45,1.66,2.08,1
8.36,2.54,3.3,4.15,1
3.18,2.43,2.85,3.09,1
7.07,1.2,0.87,2.1,1
3.18,2.43,2.85,3.09,1
4.43,3.45,4.5,4.75,1
7.58,2.7,3.5,4.25,1
7.58,2.7,3.5,4.25,1
5.63,3.1,4.0,4.5,1
2.79,1.57,2.0,2.25,1
4.77,3.4,4.27,4.64,1
7.58,2.7,3.5,4.25,1
8.55,2.5,3.25,4.12,1
4.77,3.4,4.27,4.64,1
6.27,1.67,2.07,2.7,1
2.79,1.57,2.0,2.25,1
7.58,2.7,3.5,4.25,1
5.63,3.1,4.0,4.5,1
7.07,1.2,0.87,2.1,1
5.43,3.34,4.14,4.57,1
5.63,3.1,4.0,4.5,1
5.63,3.1,4.0,4.5,1
5.63,3.1,4.0,4.5,1
6.6,2.9,3.75,4.38,1
4.23,1.56,0.0,1.67,1
13.79,1.5,1.94,3.47,1
5.63,3.1,4.0,4.5,1
3.68,3.75,4.5,4.75,1
7.58,2.7,3.5,4.25,1
5.28,1.79,2.29,2.81,1
5.63,3.1,4.0,4.5,1
4.1,1.45,0.37,1.85,1
4.77,3.4,4.27,4.64,1
5.99,1.77,2.17,2.75,1
3.75,1.56,0.0,1.67,1
7.58,2.7,3.5,4.25,1
9.73,1.1,0.89,2.11,1
3.61,3.46,4.32,4.66,1
11.12,2.17,0.99,3.0,1
13.33,1.67,1.34,3.17,1
52.77,2.75,3.75,4.38,2
11.12,2.17,0.99,3.0,1
13.24,1.83,0.66,2.83,1
11.12,2.17,0.99,3.0,1
9.53,2.3,3.0,4.0,1
13.33,1.67,1.34,3.17,1
13.33,1.67,1.34,3.17,1
13.24,1.83,0.66,2.83,1
13.43,3.88,3.38,4.19,1
13.33,1.67,1.34,3.17,1
14.4,1.5,1.84,3.42,1
3.64,3.48,4.41,4.71,1
13.24,1.83,0.66,2.83,1
14.15,1.5,1.88,3.44,1
14.52,1.5,1.82,3.41,1
3.89,3.48,4.46,4.73,1
4.11,3.46,4.41,4.71,1
4.33,3.44,4.37,4.68,1
3.89,3.48,4.46,4.73,1
4.33,3.44,4.37,4.68,1
3.05,2.23,2.85,3.09,1
3.66,2.21,2.73,3.03,1
2.94,1.48,1.75,2.12,1
4.11,3.46,4.41,4.71,1
4.11,3.46,4.41,4.71,1
4.56,1.93,2.47,2.9,1
3.89,3.48,4.46,4.73,1
3.68,3.75,4.5,4.75,1
3.66,2.21,2.73,3.03,1
4.11,3.46,4.41,4.71,1
4.56,1.93,2.47,2.9,1
9.25,2.94,3.24,4.12,1
3.89,3.48,4.46,4.73,1
2.79,2.28,2.92,3.13,1
3.89,3.48,4.46,4.73,1
3.89,3.48,4.46,4.73,1
4.11,3.46,4.41,4.71,1
4.56,1.93,2.47,2.9,1
2.6,2.49,2.97,3.15,1
4.11,3.46,4.41,4.71,1
3.86,2.09,2.66,3.0,1
2.6,2.49,2.97,3.15,1
3.89,3.48,4.46,4.73,1
4.16,2.0,2.57,2.95,1
3.42,2.2,2.78,3.06,1
3.67,2.21,2.73,3.03,1
3.89,3.48,4.46,4.73,1
3.51,3.8,4.35,4.67,1
3.51,3.8,4.35,4.67,1
10.21,2.16,2.83,3.91,1
10.01,2.2,2.88,3.94,1
9.43,1.85,1.3,3.15,1
3.51,3.8,4.35,4.67,1
4.33,3.44,4.37,4.68,1
4.33,3.44,4.37,4.68,1
10.01,2.2,2.88,3.94,1
3.51,3.8,4.35,4.67,1
4.11,3.46,4.41,4.71,1
2.77,3.96,2.43,3.72,1
9.43,1.85,1.3,3.15,1
7.58,2.7,3.5,4.25,1
3.56,1.3,1.4,1.95,1
4.84,2.07,2.25,2.79,1
4.33,3.44,4.37,4.68,1
3.68,3.75,4.5,4.75,1
4.77,3.4,4.27,4.64,1
3.68,3.75,4.5,4.75,1
4.77,3.4,4.27,4.64,1
7.58,2.7,3.5,4.25,1
4.77,3.4,4.27,4.64,1
3.68,3.75,4.5,4.75,1
5.63,3.1,4.0,4.5,1
7.58,2.7,3.5,4.25,1
7.58,2.7,3.5,4.25,1
4.33,3.44,4.37,4.68,1
4.33,3.44,4.37,4.68,1
5.63,3.1,4.0,4.5,1
9.33,2.34,3.05,4.02,1
14.4,1.5,1.84,3.42,1
7.58,2.7,3.5,4.25,1
5.63,3.1,4.0,4.5,1
9.33,2.34,3.05,4.02,1
6.99,2.82,3.65,4.33,1
6.5,2.92,3.77,4.39,1
9.33,2.34,3.05,4.02,1
5.63,3.1,4.0,4.5,1
5.63,3.1,4.0,4.5,1
5.63,3.1,4.0,4.5,1
7.58,2.7,3.5,4.25,1
6.6,2.9,3.75,4.38,1
5.63,3.1,4.0,4.5,1
6.6,2.9,3.75,4.38,1
5.63,3.1,4.0,4.5,1
7.58,2.7,3.5,4.25,1
4.33,3.44,4.37,4.68,1
5.63,3.1,4.0,4.5,1
7.75,1.13,1.01,2.17,1
7.58,2.7,3.5,4.25,1
2.74,2.47,2.94,3.14,1
2.74,2.47,2.94,3.14,1
4.11,3.46,4.41,4.71,1
2.52,4.09,1.84,3.42,1
13.55,1.5,1.98,3.49,1
17.07,1.95,0.0,2.5,1
3.86,4.8,0.0,4.8,0
14.15,1.5,1.88,3.44,1
3.19,2.45,0.0,2.5,0
4.32,1.43,0.44,1.89,1
10.4,0.96,1.12,2.23,1
14.76,1.5,1.78,3.39,1
11.77,1.84,2.42,3.71,1
4.26,0.82,0.68,1.34,1
6.89,1.2,1.34,1.92,1
8.65,1.03,1.25,2.29,1
5.37,1.25,1.06,1.78,1
13.0,1.47,1.3,2.32,1
5.45,1.41,0.37,1.85,1
13.47,2.85,3.12,4.06,1
7.5,1.33,1.55,2.44,1
8.09,1.2,1.53,2.43,1
13.48,3.0,3.25,4.12,1
7.9,1.12,1.04,2.19,1
11.96,1.8,2.38,3.69,1
5.61,1.49,1.18,1.84,1
4.4,1.03,0.88,1.44,1
8.27,0.73,0.82,1.66,1
7.5,1.33,1.55,2.44,1
4.13,1.54,0.0,1.67,1
3.75,1.56,0.0,1.67,1
2.96,2.46,0.0,2.5,0
6.38,1.45,1.7,2.51,1
2.72,2.47,0.0,2.5,0
4.69,2.41,0.0,2.5,1
2.76,3.25,2.25,3.62,1
7.11,1.5,1.66,2.5,1
3.9,2.05,2.64,2.99,1
3.49,1.5,0.29,1.81,1
4.69,2.41,0.0,2.5,1
13.79,1.5,1.94,3.47,1
3.71,2.44,0.0,2.5,1
14.03,1.5,1.9,3.45,1
4.69,2.41,0.0,2.5,1
14.03,1.5,1.9,3.45,1
8.55,2.5,3.25,4.12,1
5.42,1.52,0.0,1.67,1
2.94,3.1,2.7,3.85,1
14.03,1.5,1.9,3.45,1
4.94,1.39,0.49,1.91,1
4.04,1.98,2.49,2.91,1
2.1,2.37,2.25,2.79,1
4.17,0.98,0.78,1.39,1
9.14,1.1,0.89,2.11,1
13.33,1.67,1.34,3.17,1
57.65,1.75,2.5,3.75,2
57.65,1.75,2.5,3.75,2
13.67,1.5,1.96,3.48,1
9.61,0.56,0.2,1.1,1
52.77,2.75,3.75,4.38,2
14.03,1.5,1.9,3.45,1
10.11,2.18,2.85,3.93,1
52.77,2.75,3.75,4.38,2
4.11,3.46,4.41,4.71,1
5.75,1.07,1.11,1.8,1
8.2,1.09,1.12,2.23,1
7.77,2.66,3.45,4.22,1
4.33,3.44,4.37,4.68,1
3.52,2.15,2.74,3.04,1
4.11,3.46,4.41,4.71,1
3.13,2.23,2.84,3.09,1
2.92,2.25,2.89,3.11,1
5.03,1.85,2.36,2.85,1
4.69,1.91,2.44,2.89,1
3.07,2.24,2.86,3.1,1
4.43,1.96,2.51,2.92,1
2.7,1.49,1.67,2.08,1
4.11,3.46,4.41,4.71,1
4.33,3.44,4.37,4.68,1
4.11,3.46,4.41,4.71,1
3.13,2.23,2.84,3.09,1
3.57,2.19,2.75,3.04,1
4.11,3.46,4.41,4.71,1
4.11,3.46,4.41,4.71,1
4.11,3.46,4.41,4.71,1
3.89,3.48,4.46,4.73,1
3.89,3.48,4.46,4.73,1
3.52,2.15,2.74,3.04,1
3.01,1.44,1.61,2.06,1
3.8,2.2,2.7,3.02,1
3.89,3.48,4.46,4.73,1
3.41,2.24,2.79,3.06,1
4.11,3.46,4.41,4.71,1
4.11,3.46,4.41,4.71,1
3.68,3.75,4.5,4.75,1
17.83,1.91,0.0,2.5,1
5.89,2.15,0.7,2.85,1
2.57,1.79,2.0,2.25,1
14.03,1.5,1.9,3.45,1
7.25,0.59,0.56,1.28,1
13.55,1.5,1.98,3.49,1
14.52,1.5,1.82,3.41,1
13.55,1.5,1.98,3.49,1
3.19,2.45,0.0,2.5,0
3.77,1.31,1.43,1.97,1
7.37,1.41,0.0,1.67,1
14.52,1.5,1.82,3.41,1
3.18,2.43,2.85,3.09,1
3.68,3.75,4.5,4.75,1
14.03,1.5,1.9,3.45,1
3.18,2.43,2.85,3.09,1
3.19,2.45,0.0,2.5,0
14.03,1.5,1.9,3.45,1
6.7,2.88,3.72,4.36,1
3.75,1.56,0.0,1.67,1
6.58,2.1,0.8,2.9,1
4.77,3.4,4.27,4.64,1
9.43,1.85,1.3,3.15,1
3.18,2.43,2.85,3.09,1
5.05,1.97,2.33,2.83,1
3.19,2.45,0.0,2.5,0
3.18,2.43,2.85,3.09,1
4.77,3.4,4.27,4.64,1
3.18,2.43,2.85,3.09,1
3.68,3.75,4.5,4.75,1
3.19,2.45,0.0,2.5,0
3.18,2.43,2.85,3.09,1
5.43,3.34,4.14,4.57,1
4.77,3.4,4.27,4.64,1
3.18,2.43,2.85,3.09,1
3.18,2.43,2.85,3.09,1
3.18,2.43,2.85,3.09,1
2.39,2.47,2.85,3.09,1
3.68,3.75,4.5,4.75,1
4.77,3.4,4.27,4.64,1
3.19,2.45,0.0,2.5,0
7.7,1.31,1.68,2.5,1
3.18,2.43,2.85,3.09,1
4.77,3.4,4.27,4.64,1
4.35,1.53,0.0,1.67,1
4.5,1.53,0.0,1.67,1
3.18,2.43,2.85,3.09,1
5.78,1.67,2.15,2.74,1
14.03,1.5,1.9,3.45,1
2.79,0.97,0.54,1.27,1
4.77,3.4,4.27,4.64,1
4.11,3.46,4.41,4.71,1
5.29,1.8,2.29,2.81,1
13.79,1.5,1.94,3.47,1
3.18,2.43,2.85,3.09,1
14.03,1.5,1.9,3.45,1
4.11,3.46,4.41,4.71,1
7.58,2.7,3.5,4.25,1
5.63,3.1,4.0,4.5,1
3.42,1.51,0.25,1.79,1
5.65,1.76,2.22,2.77,1
7.58,2.7,3.5,4.25,1
3.01,0.98,0.45,1.23,1
10.36,1.16,0.61,1.97,1
4.77,3.4,4.27,4.64,1
3.18,2.43,2.85,3.09,1
5.62,1.32,0.64,1.99,1
4.33,3.44,4.37,4.68,1
7.0,1.21,0.83,2.08,1
13.32,1.7,1.2,3.1,1
7.28,1.85,2.18,2.76,1
9.53,2.3,3.0,4.0,1
7.25,1.37,1.67,2.5,1
4.4,1.02,0.87,1.44,1
10.01,2.2,2.88,3.94,1
9.53,2.3,3.0,4.0,1
3.93,0.94,1.04,1.35,1
2.84,3.0,2.25,3.62,1
12.94,1.6,2.12,3.56,1
7.25,1.37,1.67,2.5,1
9.56,1.45,1.18,2.25,1
10.01,2.2,2.88,3.94,1
13.33,1.67,1.34,3.17,1
4.4,1.02,0.87,1.44,1
13.29,1.75,1.0,3.0,1
8.91,2.17,2.29,2.81,1
8.91,2.17,2.29,2.81,1
4.57,0.63,0.74,1.2,1
8.55,2.5,3.25,4.12,1
3.64,1.51,1.77,2.13,1
14.4,1.5,1.84,3.42,1
4.68,1.52,0.0,1.67,1
13.33,1.67,1.34,3.17,1
13.33,1.67,1.34,3.17,1
13.24,1.83,0.66,2.83,1
9.53,2.3,3.0,4.0,1
13.33,1.67,1.34,3.17,1
3.89,3.48,4.46,4.73,1
4.11,3.46,4.41,4.71,1
13.29,1.75,1.0,3.0,1
2.75,1.71,1.06,1.78,1
13.55,1.5,1.98,3.49,1
13.33,1.67,1.34,3.17,1
8.36,2.54,3.3,4.15,1
9.53,2.3,3.0,4.0,1
13.25,1.82,0.7,2.85,1
13.33,1.67,1.34,3.17,1
3.89,3.48,4.46,4.73,1
4.11,3.46,4.41,4.71,1
3.0,1.47,1.72,2.11,1
3.9,2.05,2.64,2.99,1
4.11,3.46,4.41,4.71,1
3.9,2.05,2.64,2.99,1
4.11,3.46,4.41,4.71,1
3.89,3.48,4.46,4.73,1
4.11,3.46,4.41,4.71,1
4.43,1.96,2.51,2.92,1
4.11,3.46,4.41,4.71,1
3.77,2.08,2.67,3.0,1
4.11,3.46,4.41,4.71,1
3.89,3.48,4.46,4.73,1
3.12,2.21,2.84,3.08,1
4.11,3.46,4.41,4.71,1
4.11,3.46,4.41,4.71,1
4.11,3.46,4.41,4.71,1
5.25,2.05,2.37,2.85,1
2.86,2.27,2.9,3.12,1
3.85,2.08,2.66,3.0,1
3.26,2.2,2.81,3.07,1
3.66,2.21,2.73,3.03,1
3.89,3.48,4.46,4.73,1
3.89,3.48,4.46,4.73,1
3.89,3.48,4.46,4.73,1
3.83,2.13,2.68,3.01,1
3.44,2.15,2.75,3.04,1
4.11,3.46,4.41,4.71,1
4.33,3.44,4.37,4.68,1
3.68,3.75,4.5,4.75,1
7.09,2.8,3.62,4.31,1
4.11,3.46,4.41,4.71,1
4.33,3.44,4.37,4.68,1
3.37,4.05,4.22,4.61,1
3.68,3.75,4.5,4.75,1
9.17,2.23,2.2,2.77,1
3.01,3.1,2.7,3.85,1
5.43,3.34,4.14,4.57,1
4.77,3.4,4.27,4.64,1
4.77,3.4,4.27,4.64,1